	D(-1)J	JF	FM	MA	AM	MJ	JJ	JA	AS	SO	ON	ND
1950	 -0.8589	 -1.2658	 -1.5489	 -1.2708	 -0.9814	 -1.0526	 -1.0864	 -0.9332	 -0.7861	 -0.8187	 -1.1127	 -1.2847
1951	 -1.1867	 -1.1313	 -0.6324	 -0.1728	  0.1861	  0.6621	  1.0150	  1.0728	  0.9078	  0.8977	  0.8494	  0.5473
1952	  0.4300	  0.5396	  0.5339	  0.4892	  0.4455	  0.0897	 -0.1234	 -0.0425	  0.1338	  0.2048	  0.0372	 -0.0884
1953	 -0.1137	  0.1504	  0.4526	  0.3619	  0.5291	  0.7511	  0.5851	  0.5616	  0.7178	  0.4620	  0.1061	 -0.0305
1954	 -0.2365	 -0.3534	 -0.2125	 -0.4210	 -0.4728	 -0.1880	 -0.4381	 -0.7477	 -0.8078	 -0.9047	 -1.1857	 -1.2472
1955	 -0.9040	 -0.8561	 -0.8898	 -0.8753	 -1.2326	 -1.2779	 -1.0816	 -1.2371	 -1.4688	 -1.7438	 -1.8700	 -1.7951
1956	 -1.4107	 -1.0238	 -0.9976	 -0.9739	 -1.2144	 -1.2917	 -1.4012	 -1.4318	 -1.1899	 -1.2196	 -1.1302	 -0.8214
1957	 -0.5225	  0.0599	  0.5503	  0.6597	  0.9601	  1.1347	  1.1389	  1.1527	  1.1784	  1.0047	  1.2667	  1.4203
1958	  1.3888	  1.3062	  1.3288	  1.3935	  1.3107	  1.1635	  0.8905	  0.8986	  0.8586	  0.7835	  0.9200	  0.9887
1959	  0.9002	  0.9317	  0.7695	  0.7223	  0.9290	  0.7542	  0.5731	  0.4024	  0.4024	  0.4190	  0.2258	 -0.0398
1960	 -0.0085	  0.1003	  0.1788	  0.3122	  0.3099	  0.2149	  0.1473	  0.0678	 -0.0210	 -0.0634	 -0.2501	 -0.3004
1961	  0.0687	 -0.0179	 -0.0344	  0.0802	 -0.1458	 -0.0186	 -0.0761	 -0.3881	 -0.5029	 -0.3321	 -0.3025	 -0.6702
1962	 -0.9788	 -0.7090	 -0.3834	 -0.7121	 -1.0447	 -0.9347	 -0.6958	 -0.4457	 -0.4243	 -0.7522	 -0.7092	 -0.5164
1963	 -0.4825	 -0.3780	 -0.2312	  0.0102	  0.0498	  0.1269	  0.3866	  0.5334	  0.7364	  0.9418	  0.8264	  0.6890
1964	  0.5369	  0.2814	 -0.1367	 -0.8064	 -1.0229	 -1.1664	 -1.1612	 -1.1605	 -1.2280	 -1.2200	 -1.0723	 -0.6214
1965	 -0.2131	  0.1450	  0.2346	  0.1572	  0.5649	  0.9203	  1.2292	  1.4395	  1.3386	  1.3128	  1.6026	  1.5845
1966	  1.5871	  1.3594	  1.0489	  0.9593	  0.6050	  0.4482	  0.4651	  0.4888	  0.2656	  0.1386	  0.2343	  0.1384
1967	 -0.1526	 -0.5013	 -0.5573	 -0.2926	 -0.0347	 -0.1508	 -0.3977	 -0.5684	 -0.7307	 -0.6540	 -0.2837	 -0.0764
1968	 -0.1991	 -0.2075	 -0.4692	 -0.7433	 -0.6768	 -0.7305	 -0.5550	 -0.3810	 -0.0673	  0.3610	  0.5882	  0.7327
1969	  1.4048	  1.7281	  1.0655	  0.7037	  0.9289	  0.8740	  0.8241	  0.9317	  0.8976	  0.9612	  0.9205	  0.6459
1970	  0.4492	  0.3267	  0.2332	  0.1057	 -0.2201	 -0.6846	 -0.7754	 -0.7998	 -1.0502	 -1.1572	 -1.3129	 -1.3322
1971	 -1.2365	 -1.5498	 -1.7251	 -1.7039	 -1.7202	 -1.6977	 -1.4012	 -1.2592	 -1.4034	 -1.3484	 -1.1868	 -0.8878
1972	 -0.2961	  0.0233	  0.1021	  0.5545	  1.0891	  1.2214	  1.2625	  1.4756	  1.5666	  1.6674	  1.6215	  1.5824
1973	  1.4953	  0.9986	  0.4930	  0.0671	 -0.3316	 -0.7889	 -1.0658	 -1.2040	 -1.4237	 -1.5227	 -1.6675	 -2.0344
1974	 -2.1762	 -1.8739	 -1.7121	 -1.4021	 -1.0876	 -1.1254	 -1.3071	 -1.1898	 -0.9701	 -1.2317	 -1.1527	 -0.8868
1975	 -0.6261	 -0.6842	 -1.0162	 -1.1143	 -1.3314	 -1.6033	 -1.7588	 -1.9523	 -2.0841	 -2.0865	 -1.9797	 -1.9319
1976	 -1.8397	 -1.6049	 -1.2000	 -0.8879	 -0.8176	 -0.2299	  0.2232	  0.2872	  0.5580	  0.7409	  0.6678	  0.7660
1977	  0.8751	  0.5348	  0.4567	  0.4782	  0.2441	  0.4244	  0.5880	  0.6299	  0.6714	  0.9137	  1.0897	  1.0932
1978	  0.7949	  0.7375	  0.5520	 -0.0011	 -0.1926	 -0.4670	 -0.2811	 -0.1812	 -0.3013	  0.0206	  0.5607	  0.5574
1979	  0.5033	  0.3041	 -0.0484	  0.3043	  0.6858	  0.4149	  0.4609	  0.7925	  0.8566	  0.8983	  1.0551	  1.2229
1980	  1.1515	  0.9362	  1.1895	  1.4124	  1.0328	  0.9759	  0.8154	  0.5508	  0.3483	  0.1049	  0.0474	  0.1616
1981	 -0.0465	 -0.1968	  0.0461	 -0.0157	 -0.2977	 -0.4790	 -0.4721	 -0.4448	 -0.2433	  0.1475	  0.0607	  0.0021
1982	  0.0573	  0.0461	  0.3227	  0.6178	  0.9669	  1.3990	  1.5016	  1.5436	  1.8137	  1.9968	  2.3579	  2.4924
1983	  2.6849	  2.8459	  2.5786	  2.1994	  1.9318	  1.5864	  1.3122	  1.0018	  0.3158	 -0.0095	 -0.0135	  0.1030
1984	  0.0161	 -0.0301	  0.0943	 -0.1910	 -0.4715	 -0.3032	 -0.1305	 -0.3318	 -0.3363	 -0.2119	 -0.4531	 -0.4237
1985	 -0.4105	 -0.7412	 -0.6461	 -0.6592	 -0.8015	 -0.3656	 -0.0759	 -0.2950	 -0.3709	 -0.0084	  0.0392	 -0.2321
1986	 -0.3373	 -0.1456	 -0.0610	  0.1021	  0.2435	  0.0933	  0.2057	  0.5233	  0.8296	  0.7511	  1.0193	  1.4062
1987	  1.1884	  1.3787	  1.6913	  1.5044	  1.5240	  1.6040	  1.8587	  2.0870	  1.8426	  1.6530	  1.4610	  1.3341
1988	  0.9299	  0.5340	  0.2848	 -0.2003	 -0.4854	 -0.9574	 -1.3192	 -1.1846	 -1.2932	 -1.6109	 -1.6823	 -1.6033
1989	 -1.4983	 -1.3659	 -1.3529	 -1.1323	 -1.0260	 -0.9807	 -0.8996	 -0.9084	 -0.6103	 -0.5776	 -0.3039	  0.1586
1990	  0.3750	  0.5756	  0.4474	  0.4386	  0.3252	  0.1368	  0.0241	 -0.0210	  0.2802	  0.3777	  0.3098	  0.5126
1991	  0.4541	  0.3442	  0.5207	  0.6294	  0.8619	  1.0046	  0.7855	  0.5177	  0.7342	  1.2387	  1.3174	  1.3932
1992	  1.6937	  1.5254	  1.5915	  2.0035	  1.8763	  1.6503	  1.3662	  0.7103	  0.4242	  0.7844	  1.1130	  1.2753
1993	  1.3546	  1.4345	  1.2646	  1.4613	  1.6969	  1.5964	  1.2678	  1.0643	  1.0337	  1.0950	  0.9005	  0.6277
1994	  0.6194	  0.3210	  0.3264	  0.6059	  0.7626	  0.7120	  0.7779	  0.8273	  0.8614	  1.2228	  1.1425	  1.0614
1995	  1.1073	  0.8239	  0.6639	  0.8006	  0.6601	  0.4177	  0.2727	  0.0538	 -0.3013	 -0.5878	 -0.6583	 -0.6862
1996	 -0.7335	 -0.6008	 -0.6016	 -0.8988	 -0.9126	 -0.7615	 -0.8645	 -0.7614	 -0.5664	 -0.4255	 -0.2578	 -0.3339
1997	 -0.5103	 -0.5170	 -0.0773	  0.4485	  1.0880	  1.7517	  2.1152	  2.2706	  2.4864	  2.5471	  2.3744	  2.1515
1998	  2.1929	  2.1913	  1.9605	  1.5136	  0.7957	  0.1896	 -0.3256	 -0.4822	 -0.5549	 -0.8739	 -1.2072	 -1.4128
1999	 -1.6512	 -1.7518	 -1.6897	 -1.8881	 -1.8124	 -1.3407	 -1.4149	 -1.2190	 -0.9633	 -1.2383	 -1.5118	 -1.5964
2000	 -1.6282	 -1.8617	 -1.9302	 -1.6709	 -1.4584	 -1.0617	 -0.8374	 -0.7433	 -0.6016	 -0.6897	 -0.9001	 -0.9104
2001	 -1.0566	 -0.9852	 -0.7523	 -0.7780	 -0.6306	 -0.5275	 -0.3401	 -0.2034	 -0.1586	 -0.1629	 -0.3572	 -0.0688
2002	 -0.0558	 -0.4005	 -0.0852	  0.1295	  0.3421	  0.4896	  0.2930	  0.4382	  0.6446	  0.7368	  0.8510	  0.8396
2003	  0.7036	  0.6895	  0.7928	  0.3750	 -0.1257	 -0.0356	  0.2286	  0.2798	  0.3531	  0.4396	  0.5160	  0.3571
2004	  0.2393	  0.0324	 -0.0485	  0.1234	 -0.0568	  0.1306	  0.4069	  0.4583	  0.6892	  0.7515	  0.6373	  0.5882
2005	  0.3774	  0.6100	  0.5199	  0.3117	  0.5224	  0.3544	  0.2657	  0.2947	  0.0571	 -0.5009	 -0.7125	 -0.6769
2006	 -0.8087	 -0.5640	 -0.5443	 -0.7880	 -0.4352	 -0.0532	  0.2388	  0.6695	  0.8489	  1.0389	  1.0945	  0.7138
2007	  0.6124	  0.4017	 -0.0121	 -0.2756	 -0.5302	 -0.7867	 -0.8272	 -0.8105	 -1.1618	 -1.3949	 -1.3543	 -1.5789
2008	 -1.7876	 -1.9113	 -2.0717	 -1.5930	 -0.9932	 -0.7220	 -0.6602	 -0.4578	 -0.3639	 -0.6491	 -1.0503	 -1.2026
2009	 -1.1564	 -1.1292	 -0.9784	 -0.6674	 -0.2616	  0.1834	  0.3669	  0.4059	  0.4712	  0.9590	  1.3835	  1.3067
2010	  1.3843	  1.3775	  1.0730	  0.4218	 -0.4602	 -1.2431	 -1.6245	 -1.7945	 -1.8957	 -2.2380	 -2.3761	 -2.3905
2011	 -2.4070	 -2.1367	 -2.0888	 -1.9803	 -1.5697	 -1.2919	 -1.2786	 -1.2257	 -1.3369	 -1.5284	 -1.5729	 -1.6153
2012	 -1.5466	 -1.0650	 -0.6119	 -0.4703	 -0.3415	 -0.1734	 -0.0275	  0.0106	 -0.2122	 -0.2180	 -0.1301	 -0.0519
2013	 -0.0466	 -0.1971	 -0.4009	 -0.5471	 -0.8167	 -0.9498	 -0.8249	 -0.7003	 -0.6572	 -0.4814	 -0.3699	 -0.4306
2014	 -0.3802	 -0.1759	  0.0708	  0.1949	 -0.0002	  0.0090	  0.0952	  0.2731	  0.2846	  0.2056	  0.3737	  0.4858
2015	  0.5889	  0.7030	  0.7901	  1.2640	  1.5760	  1.8290	  2.0820	  2.3344	  2.6476	  2.7352	  2.4833	  2.3916
2016	  2.2890	  2.1755	  1.8896	  1.5269	  1.2379	  0.6756	  0.4117	  0.1676	 -0.1321	 -0.1485	 -0.0178	  0.0364
2017	  0.0648	  0.1687	  0.1424	  0.3480	  0.3916	  0.1940	  0.1316	 -0.1816	 -0.3546	 -0.4355	 -0.5043	 -0.4653
2018	 -0.6096	 -0.6444	 -0.5701	 -0.5376	 -0.4061	 -0.1841	 -0.1638	 -0.1222	  0.3794	  0.6299	  0.5315	  0.5554
2019	  0.5431	  0.8886	  1.0635	  0.8424	  0.6925	  0.6431	  0.4426	  0.2799	  0.2752	  0.3252	  0.5847	  0.7882
2020	  0.5369	  0.3891	  0.1449	 -0.0277	 -0.1172	 -0.2754	 -0.2751	 -0.5478	 -0.9968	 -1.0581	 -1.0133	 -1.2228
2021	 -1.4860	 -1.3431	 -1.1508	 -0.9354	 -0.8288	 -0.9261	 -1.0878	 -1.1393	 -1.1394	 -1.3644	 -1.5079	 -1.2436
